BAD! 79,33,22,64,73,93,58
GOOD! 79,58,73,64,33,22,93,
BAD! 79,67,97,29,47,96,45,25,44,55,43,76,77
GOOD! 55,97,29,76,77,43,47,67,25,96,45,44,79,
BAD! 88,93,72,58,73,12,57,49,51,33,64
GOOD! 58,51,88,72,73,64,33,49,12,93,57,
BAD! 73,58,65,11,93,63,81,98,33,22,79,72,64
GOOD! 79,58,72,73,64,98,81,33,65,63,22,11,93,
BAD! 17,44,25,43,28,77,47
GOOD! 28,77,43,47,17,25,44,
BAD! 65,27,78,49,79,64,52,98,12,51,38,58,73,82,81,72,14,63,33,45,88
GOOD! 14,45,79,58,51,88,82,72,73,64,98,81,49,38,33,65,12,78,63,52,27,
BAD! 38,24,31,11,82,81,72,73,63,78,65,52,98
GOOD! 82,72,73,98,81,38,65,78,63,52,11,31,24,
BAD! 75,25,76,67,43,56,87,45,44,96,17,34,97,58,14,79,32,29,47,24,84,77,26
GOOD! 24,97,29,76,77,56,43,47,67,87,84,25,17,75,96,34,26,32,14,45,44,79,58,
BAD! 84,87,29,97,55,75,32,57,31,17,76,56,16,93,25,67,26
GOOD! 31,93,57,55,16,97,29,76,56,67,87,84,17,25,75,26,32,
BAD! 97,31,52,25,16,11,17
GOOD! 52,11,31,16,97,25,17,
BAD! 87,96,97,28,11,43,55,31,47,76,24,25,93,57,26,34,16
GOOD! 11,31,93,57,28,55,24,16,97,76,43,47,87,25,96,34,26,
BAD! 58,82,12,78,32,94,79,72,14,26,34,81,98,45,51,63,33
GOOD! 34,26,32,14,45,79,58,51,82,72,94,98,81,33,12,78,63,
BAD! 93,47,28,27,33,55,67
GOOD! 33,27,93,28,55,47,67,
BAD! 84,43,11,29,17,22,55,25,75,28,97,31,56,76,27,47,77,67,24,57,52
GOOD! 52,22,27,11,31,57,28,55,24,97,29,76,77,56,43,47,67,84,17,25,75,
BAD! 98,82,28,49,63,27,11,24,64,72,12,55,22,94,65,52,78,38,57
GOOD! 82,72,94,64,98,49,38,65,12,78,63,52,22,27,11,57,28,55,24,
BAD! 29,28,55,34,87,76,96,84,45,25,77,56,32,75,16,14,57,43,26,24,67,17,47
GOOD! 57,28,55,24,16,29,76,77,56,43,47,67,87,84,25,17,75,96,34,26,32,14,45,
BAD! 11,65,43,29,63,55,56,47,57,31,78,28,77,33,38
GOOD! 38,33,65,78,63,11,31,57,28,55,29,77,56,43,47,
BAD! 75,45,73,51,79,96,81,49,17,88,98,26,84,25,14,87,72,44,94,34,58
GOOD! 87,84,17,25,75,96,34,26,14,45,44,79,58,51,88,72,94,73,98,81,49,
BAD! 25,14,32,34,87,84,28,55,77,56,47,75,24,96,16,93,97,26,17,29,76
GOOD! 93,28,55,24,16,97,29,76,77,56,47,87,84,17,25,75,96,34,26,32,14,
BAD! 84,82,43,51,94,67,25,45,64,17,75,88,79,58,73
GOOD! 43,67,25,84,17,75,45,79,58,51,88,82,94,73,64,
BAD! 16,84,87,77,25,96,24,34,45,47,44,56,79,29,43,14,17,75,97,32,67,58,76
GOOD! 24,16,97,29,76,77,56,43,47,67,87,84,25,17,75,96,34,32,14,45,44,79,58,
BAD! 12,22,16,28,84,24,27
GOOD! 12,22,27,28,24,16,84,
BAD! 94,17,82,64,79,87,67,45,26,72,75,32,88,14,73,51,96,98,58,81,44,84,25
GOOD! 67,87,84,17,75,25,96,26,32,14,45,44,79,58,51,88,82,72,94,73,64,98,81,
BAD! 77,28,55,22,31,87,24,65,78
GOOD! 65,78,22,31,28,55,24,77,87,
BAD! 94,11,63,28,55,78,73,22,27,81,24,72,31,65,12
GOOD! 72,94,73,81,65,12,78,63,22,27,11,31,28,55,24,
BAD! 96,25,73,43,64,17,87
GOOD! 43,87,17,25,96,73,64,
BAD! 79,44,94,43,82,51,88,56,14,73,34
GOOD! 56,43,34,14,44,79,51,88,82,94,73,
BAD! 84,67,29,34,25,76,77
GOOD! 29,76,77,67,84,25,34,
BAD! 58,81,64,84,25,72,88,51,82
GOOD! 84,25,58,51,88,82,72,64,81,
BAD! 11,17,87,97,22,76,84,24,16,47,29,27,67,57,56,31,75,63,77,43,28
GOOD! 63,22,27,11,31,57,28,24,16,97,29,76,77,56,43,47,67,87,84,17,75,
BAD! 45,38,65,49,26,72,58,33,32,81,94,98,34,14,79,51,64,96,78
GOOD! 96,34,26,32,14,45,79,58,51,72,94,64,98,81,49,38,33,65,78,
BAD! 64,34,84,81,73,26,17,14,96,67,98,82,79,72,45
GOOD! 67,84,17,96,34,26,14,45,79,82,72,73,64,98,81,
BAD! 26,76,75,32,34,24,45,28,84,96,17,97,43,44,25
GOOD! 28,24,97,76,43,84,17,75,25,96,34,26,32,45,44,
BAD! 29,87,76,14,45,96,57
GOOD! 57,29,76,87,96,14,45,
BAD! 38,82,65,98,63,51,31,57,33,22,58,93,78,73,81,94,12,27,11,52,49
GOOD! 58,51,82,94,73,98,81,49,38,33,65,12,78,63,52,22,27,11,31,93,57,
BAD! 73,22,12,14,63,52,82,58,78
GOOD! 14,58,82,73,12,78,63,52,22,
BAD! 31,28,33,67,47,22,43,65,57,76,11
GOOD! 33,65,22,11,31,57,28,76,43,47,67,
BAD! 25,11,56,77,22,57,67,16,52,29,97,75,17,28,55
GOOD! 52,22,11,57,28,55,16,97,29,77,56,67,17,25,75,
BAD! 49,81,33,22,65,27,51,57,82,78,11,38,93,31,63,88,98,72,73,52,28,12,64
GOOD! 51,88,82,72,73,64,98,81,49,38,33,65,12,78,63,52,22,27,11,31,93,57,28,
BAD! 64,58,88,22,44,65,51,63,31
GOOD! 44,58,51,88,64,65,63,22,31,
BAD! 12,49,31,72,73,79,52,11,78,64,33,93,94
GOOD! 79,72,94,73,64,33,49,12,78,52,11,31,93,
BAD! 63,72,88,64,79,44,58,33,26,32,49,98,45,94,12,34,65,78,81,38,82
GOOD! 34,26,32,45,44,79,58,88,82,72,94,64,98,81,49,38,33,65,12,78,63,
BAD! 27,17,78,31,16,57,63,87,56,97,29,67,24,55,22,93,84,11,77
GOOD! 78,63,22,27,11,31,93,57,55,24,16,97,29,77,56,67,87,84,17,
BAD! 67,55,25,57,43,84,31
GOOD! 31,57,55,43,67,84,25,
BAD! 31,51,38,81,98,11,64,27,79,72,44,88,63
GOOD! 44,79,51,88,72,64,98,81,38,63,27,11,31,
BAD! 96,93,29,16,17,57,47,97,24,87,25,32,67,43,76,84,14,77,28,26,56
GOOD! 93,57,28,24,16,97,29,76,77,56,43,47,67,87,25,84,17,96,26,32,14,
BAD! 98,38,17,26,75,34,73,51,84
GOOD! 84,17,75,34,26,51,73,98,38,
BAD! 64,25,87,75,34,67,72,17,47,94,43
GOOD! 43,47,67,87,17,75,25,34,72,94,64,
BAD! 93,75,57,22,63,97,67
GOOD! 63,22,93,57,97,67,75,
BAD! 14,84,96,72,43,88,58,79,34
GOOD! 43,84,96,34,14,79,58,88,72,
BAD! 78,57,72,12,55,73,49,31,65,11,22,27,33,24,16
GOOD! 72,73,49,33,65,12,78,22,27,11,31,57,55,24,16,
BAD! 33,78,98,51,63,81,31,52,82,22,65,73,94,79,58,12,27
GOOD! 79,58,51,82,94,73,98,81,33,65,12,78,63,52,22,27,31,
BAD! 17,75,88,82,38,81,96,64,34,45,72,26,33
GOOD! 17,75,96,34,26,45,88,82,72,64,81,38,33,
BAD! 22,58,44,45,12,65,64,79,49,72,14,81,82,94,52,51,33,88,78,32,73,98,63
GOOD! 32,14,45,44,79,58,51,88,82,72,94,73,64,98,81,49,33,65,12,78,63,52,22,
BAD! 38,57,52,56,11,29,22,12,24,81,76
GOOD! 81,38,12,52,22,11,57,24,29,76,56,
BAD! 82,79,98,27,51,63,94,65,52,44,78,11,88,58,22,33,12,81,45,64,38,73,72
GOOD! 45,44,79,58,51,88,82,72,94,73,64,98,81,38,33,65,12,78,63,52,22,27,11,
BAD! 79,43,56,67,26,84,58,25,72,44,87,17,96,82,51
GOOD! 56,43,67,87,25,84,17,96,26,44,79,58,51,82,72,
BAD! 33,52,38,63,94,31,82,51,64,11,58,22,81,73,98,78,93,27,88,57,12
GOOD! 58,51,88,82,94,73,64,98,81,38,33,12,78,63,52,22,27,11,31,93,57,
BAD! 97,27,56,38,65,78,22,28,12,33,93
GOOD! 38,33,65,12,78,22,27,93,28,97,56,
BAD! 16,97,22,87,29,43,31,77,76
GOOD! 22,31,16,97,29,76,77,43,87,
BAD! 28,16,94,81,73,38,11,31,12,97,65,93,64,24,55
GOOD! 94,73,64,81,38,65,12,11,31,93,28,55,24,16,97,
BAD! 81,28,98,93,88,33,38,64,52,22,72,31,49,65,82,73,94
GOOD! 88,82,72,94,73,64,98,81,49,38,33,65,52,22,31,93,28,
BAD! 47,93,76,22,67,52,55,29,97,11,12,16,78,24,57,84,63
GOOD! 12,78,63,52,22,11,93,57,55,24,16,97,29,76,47,67,84,
BAD! 47,93,22,29,56,57,43,11,55,65,76,97,12,16,31,87,78
GOOD! 65,12,78,22,11,31,93,57,55,16,97,29,76,56,43,47,87,
BAD! 38,98,78,11,77,16,93
GOOD! 98,38,78,11,93,16,77,
BAD! 34,17,96,26,77,75,82,72,14,43,44,32,84,94,79
GOOD! 77,43,84,17,75,96,34,26,32,14,44,79,82,72,94,
BAD! 94,64,34,12,51,72,81,49,44,78,33,98,82,65,32,79,26,63,45
GOOD! 34,26,32,45,44,79,51,82,72,94,64,98,81,49,33,65,12,78,63,
BAD! 88,76,17,32,29,97,84,45,77,34,79,47,44,67,26,25,56
GOOD! 97,29,76,77,56,47,67,84,25,17,34,26,32,45,44,79,88,
BAD! 81,98,26,38,72,82,84,49,44
GOOD! 84,26,44,82,72,98,81,49,38,
BAD! 14,75,32,88,51,43,45
GOOD! 43,75,32,14,45,51,88,
BAD! 32,17,75,25,94,81,79,51,98,26,82
GOOD! 17,75,25,26,32,79,51,94,82,98,81,
BAD! 34,65,98,96,49,79,72,51,78,64,81,44,73,12,94
GOOD! 96,34,44,79,51,72,94,73,64,98,81,49,65,12,78,
BAD! 34,84,87,43,29,96,26,32,56,45,44,47,28,97,75
GOOD! 28,97,29,56,43,47,87,84,75,96,34,26,32,45,44,
BAD! 96,58,26,51,47,16,43,87,45,67,76
GOOD! 16,76,43,47,67,87,96,26,45,58,51,
BAD! 93,77,65,29,33,27,16,38,28,81,97,98,63,76,11,55,57,31,52
GOOD! 98,81,38,33,65,63,52,27,11,31,93,57,28,55,16,97,29,76,77,
BAD! 12,73,98,81,44,45,26,88,14,82,79,64,25,94,32,72,58,33,65,38,51,49,96
GOOD! 25,96,26,32,14,45,44,79,58,51,88,82,72,94,73,64,98,81,49,38,33,65,12,
BAD! 64,44,25,58,17,88,43,79,14,75,87,45,72,47,82,51,94,67,26
GOOD! 43,47,67,87,17,25,75,26,14,45,44,79,58,51,88,82,72,94,64,
BAD! 94,12,38,65,44,73,64,51,52,79,88,27,81,49,11
GOOD! 44,79,51,88,94,73,64,81,49,38,65,12,52,27,11,
BAD! 28,14,47,77,55,43,32,75,96,29,16,57,67,34,97,26,25,87,76,17,56,24,45
GOOD! 57,28,55,24,16,97,29,76,77,56,43,47,67,87,17,75,25,96,34,26,32,14,45,
BAD! 64,73,79,45,65,98,44,81,78,14,82
GOOD! 14,45,44,79,82,73,64,98,81,65,78,
BAD! 12,22,63,65,38,28,94,55,49,64,24
GOOD! 94,64,49,38,65,12,63,22,28,55,24,
BAD! 88,79,84,67,26,51,17
GOOD! 67,84,17,26,79,51,88,
BAD! 96,88,56,47,67,58,79,34,51,76,72,43,14,45,82,87,44,26,84,75,77
GOOD! 76,77,56,43,47,67,87,84,75,96,34,26,14,45,44,79,58,51,88,82,72,
node 96 => [67,97,52,17,75,16,77,28,57,47,76,11,24,43,56,27,93,84,55,87,29,22,31,25,]
node 44 => [97,17,75,77,28,57,47,76,24,16,45,32,56,34,67,96,84,26,55,87,29,43,14,25,]
node 52 => [58,82,98,51,88,38,12,79,64,33,49,78,26,45,32,65,94,81,44,73,63,34,72,14,]
node 67 => [65,52,16,77,38,12,28,57,29,31,33,97,78,47,76,63,11,24,43,56,27,93,55,22,]
node 47 => [76,65,52,16,77,38,12,28,57,29,33,97,49,78,63,11,24,43,56,27,93,55,22,31,]
node 98 => [17,75,82,51,88,79,64,84,26,87,58,45,32,47,44,73,34,94,67,96,72,43,14,25,]
node 88 => [17,75,51,77,44,79,97,16,45,32,47,76,56,34,67,96,43,14,25,87,58,29,84,26,]
node 29 => [97,33,78,49,16,38,12,28,57,63,98,11,24,65,94,55,52,81,73,27,64,93,22,31,]
node 28 => [33,58,82,88,38,12,49,78,63,98,11,72,65,94,52,81,73,27,64,93,51,22,31,57,]
node 87 => [65,33,16,77,12,28,57,29,31,22,52,78,97,67,93,47,76,63,11,24,43,56,27,55,]
node 65 => [49,82,98,51,88,79,64,26,75,17,58,45,32,33,94,81,44,73,34,38,96,72,14,25,]
node 58 => [77,44,79,87,29,32,75,17,56,97,16,45,76,47,34,24,67,96,84,26,55,43,14,25,]
node 26 => [16,77,28,57,87,29,25,31,75,17,43,97,93,76,47,34,11,24,67,96,56,27,84,55,]
node 43 => [78,33,16,77,38,12,28,57,29,31,65,97,76,63,11,24,93,55,52,81,22,27,56,]
node 78 => [33,58,82,51,88,12,79,64,26,98,49,45,32,65,94,81,44,73,34,38,96,72,14,25,]
node 49 => [17,75,82,88,58,87,79,64,98,45,32,94,81,44,73,34,67,96,72,14,25,84,26,]
node 55 => [78,49,82,88,38,12,28,57,33,72,63,98,11,65,94,52,81,73,27,64,93,51,22,31,]
node 34 => [97,16,77,28,57,87,29,25,31,75,17,43,93,47,76,11,24,67,96,56,27,84,55,22,]
node 93 => [72,33,58,82,88,38,12,64,78,49,63,98,11,65,94,52,81,44,73,27,79,51,22,31,]
node 64 => [47,17,75,82,51,88,79,26,84,87,58,45,32,56,94,44,73,34,67,96,72,43,14,25,]
node 32 => [97,17,75,77,28,57,87,29,25,16,84,26,55,93,34,47,76,11,24,43,56,67,96,31,]
node 27 => [45,33,58,82,98,38,12,49,78,63,65,94,52,81,51,22,72,14,79,32,64,73,44,]
node 56 => [65,16,77,38,12,28,57,29,31,33,97,49,78,76,63,98,11,24,27,93,55,52,81,22,]
node 24 => [88,38,12,28,57,31,81,52,49,78,33,72,63,98,11,65,94,55,73,27,64,93,22,]
node 82 => [51,88,77,44,79,84,26,17,75,97,45,32,34,47,76,56,67,96,43,14,25,58,87,29,]
node 63 => [82,51,88,12,79,64,26,98,33,58,45,32,49,78,65,94,81,44,73,34,38,96,72,14,]
node 17 => [52,16,77,12,28,57,87,29,31,97,78,67,93,47,76,63,11,24,43,56,27,84,55,22,]
node 76 => [65,97,33,78,49,38,12,16,55,52,81,29,63,98,11,24,73,27,64,93,22,31,28,57,]
node 11 => [63,58,78,49,82,98,38,12,33,45,65,94,52,81,44,73,27,72,14,79,22,64,]
node 77 => [97,33,16,38,12,28,57,29,65,78,76,63,11,24,27,64,93,55,52,81,22,31,]
node 12 => [51,88,79,64,26,32,75,49,58,45,33,65,94,81,44,73,34,38,96,72,14,25,]
node 51 => [77,44,79,26,32,75,17,56,29,58,97,45,76,47,34,24,67,96,43,14,25,]
node 31 => [33,58,78,49,88,38,12,63,98,11,72,45,65,94,52,81,44,73,27,79,51,22,64,]
node 14 => [76,47,16,77,28,57,75,17,43,56,97,32,24,34,67,96,31,93,84,26,55,87,29,25,]
node 73 => [47,17,75,51,88,58,87,77,44,79,82,56,45,32,94,34,67,96,43,72,14,25,84,26,]
node 94 => [51,88,77,44,79,26,32,17,56,87,58,45,34,47,76,67,96,43,72,14,25,]
node 72 => [82,51,88,77,44,79,84,26,17,75,45,32,34,47,76,56,67,96,43,14,25,87,58,29,]
node 97 => [63,16,38,12,28,57,31,81,52,78,33,72,65,94,55,98,11,24,73,27,64,93,22,]
node 38 => [49,82,98,51,88,79,64,17,87,58,45,32,94,81,44,73,34,96,72,14,25,84,26,]
node 45 => [97,16,77,28,57,87,29,32,17,75,93,34,47,76,24,56,67,96,84,26,55,43,14,25,]
node 84 => [43,63,78,97,52,16,77,12,28,57,65,67,93,47,76,11,24,55,87,29,22,27,56,31,]
node 25 => [67,97,16,77,28,57,87,29,52,47,76,63,11,24,43,56,27,93,55,22,31,]
node 16 => [72,63,38,12,28,57,33,49,78,65,94,55,52,81,98,11,82,24,73,27,64,93,22,31,]
node 75 => [52,17,16,77,28,57,87,29,31,22,97,78,67,93,47,76,63,11,24,43,56,27,84,55,]
node 79 => [17,75,77,44,28,87,29,32,25,97,16,45,34,47,76,24,56,67,96,26,84,55,43,14,]
node 33 => [82,98,51,88,79,64,75,17,58,45,32,94,81,44,73,34,38,96,72,14,25,26,]
node 22 => [45,98,51,88,38,12,79,64,82,58,32,33,49,78,26,63,65,94,52,81,44,73,72,14,]
node 81 => [17,75,82,98,51,88,58,87,79,45,32,47,44,73,34,94,67,96,72,14,25,64,84,26,]
node 57 => [33,58,82,88,38,12,79,78,63,98,11,72,65,94,52,81,73,27,51,22,31,93,64,]
4539
